version https://git-lfs.github.com/spec/v1
oid sha256:c978c49f4c5bd9437bbbfe9f252f1b7fca2579dc0c26d8215da4ee3a40f83177
size 457440
